"V2"
-0.645
-0.635
-0.645
-0.635
-0.645
-0.63
-0.63
-0.635
-0.625
-0.645
-0.63
-0.62
-0.62
-0.61
-0.62
-0.595
-0.585
-0.59
-0.585
-0.565
-0.57
-0.555
-0.53
-0.5
-0.475
-0.465
-0.46
-0.46
-0.45
-0.445
-0.43
-0.415
-0.4
-0.38
-0.38
-0.4
-0.415
-0.405
-0.42
-0.42
-0.415
-0.425
-0.415
-0.43
-0.44
-0.435
-0.455
-0.465
-0.47
-0.475
-0.45
-0.465
-0.465
-0.465
-0.485
-0.47
-0.49
-0.5
-0.495
-0.5
-0.51
-0.515
-0.515
-0.52
-0.525
-0.51
-0.52
-0.505
-0.5
-0.49
-0.48
-0.525
-0.515
-0.525
-0.515
-0.51
-0.5
-0.5
-0.475
-0.485
-0.48
-0.5
-0.505
-0.48
-0.475
-0.485
-0.475
-0.47
-0.495
-0.485
-0.5
-0.475
-0.465
-0.445
-0.41
-0.395
-0.37
-0.345
-0.345
-0.34
-0.34
-0.33
-0.315
-0.295
-0.25
-0.23
-0.25
-0.26
-0.3
-0.305
-0.34
-0.335
-0.345
-0.36
-0.36
-0.375
-0.385
-0.41
-0.42
-0.435
-0.455
-0.475
-0.485
-0.51
-0.525
-0.53
-0.54
-0.55
-0.56
-0.54
-0.54
-0.53
-0.53
-0.52
-0.525
-0.515
-0.535
-0.55
-0.555
-0.535
-0.49
-0.495
-0.5
-0.495
-0.495
-0.475
-0.45
-0.43
-0.35
-0.23
-0.07
0.095
0.31
0.47
0.55
0.57
0.605
0.58
0.505
0.43
0.36
0.315
0.305
0.335
0.345
0.32
0.27
0.165
0.08
0.06
0.135
0.255
0.31
0.275
0.11
-0.11
-0.295
-0.385
-0.39
-0.375
-0.375
-0.455
-0.54
-0.585
-0.585
-0.565
-0.55
-0.535
-0.54
-0.54
-0.54
-0.56
-0.535
-0.55
-0.56
-0.54
-0.54
-0.535
-0.53
-0.56
-0.555
-0.57
-0.555
-0.575
-0.57
-0.575
-0.555
-0.57
-0.59
-0.6
-0.6
-0.61
-0.62
-0.61
-0.64
-0.62
-0.62
-0.64
-0.635
-0.635
-0.665
-0.645
-0.655
-0.64
-0.65
-0.645
-0.665
-0.665
-0.675
-0.675
-0.675
-0.655
-0.66
-0.645
-0.625
-0.65
-0.665
-0.675
-0.665
-0.645
-0.64
-0.625
-0.605
-0.615
-0.61
-0.595
-0.59
-0.585
-0.58
-0.555
-0.54
-0.51
-0.485
-0.48
-0.455
-0.45
-0.445
-0.435
-0.43
-0.405
-0.39
-0.415
-0.425
-0.42
-0.425
-0.4
-0.41
-0.4
-0.395
-0.405
-0.42
-0.43
-0.43
-0.44
-0.45
-0.445
-0.435
-0.435
-0.42
-0.445
-0.44
-0.435
-0.44
-0.45
-0.465
-0.47
-0.465
-0.445
-0.47
-0.455
-0.48
-0.47
-0.46
-0.45
-0.465
-0.45
-0.415
-0.425
-0.43
-0.445
-0.44
-0.445
-0.44
-0.43
-0.435
-0.425
-0.435
-0.435
-0.45
-0.46
-0.44
-0.45
-0.4
-0.41
-0.425
-0.41
-0.42
-0.38
-0.39
-0.355
-0.325
-0.3
-0.275
-0.265
-0.26
-0.25
-0.245
-0.235
-0.215
-0.185
-0.175
-0.195
-0.23
-0.25
-0.26
-0.27
-0.28
-0.315
-0.34
-0.335
-0.325
-0.34
-0.365
-0.385
-0.425
-0.45
-0.465
-0.47
-0.48
-0.47
-0.48
-0.48
-0.485
-0.48
-0.47
-0.475
-0.495
-0.47
-0.465
-0.46
-0.47
-0.485
-0.48
-0.49
-0.48
-0.47
-0.455
-0.455
-0.46
-0.43
-0.415
-0.37
-0.315
-0.24
-0.12
0.065
0.3
0.505
0.6
0.7
0.74
0.745
0.67
0.59
0.51
0.445
0.43
0.435
0.445
0.435
0.36
0.235
0.125
0.075
0.15
0.31
0.39
0.38
0.22
0
-0.205
-0.335
-0.4
-0.41
-0.415
-0.48
-0.52
-0.56
-0.575
-0.56
-0.565
-0.57
-0.565
-0.555
-0.54
-0.555
-0.53
-0.545
-0.56
-0.575
-0.58
-0.56
-0.55
-0.53
-0.53
-0.555
-0.565
-0.58
-0.595
-0.59
-0.6
-0.58
-0.565
-0.595
-0.6
-0.6
-0.615
-0.625
-0.635
-0.615
-0.62
-0.63
-0.635
-0.665
-0.67
-0.68
-0.66
-0.67
-0.69
-0.67
-0.675
-0.69
-0.695
-0.695
-0.705
-0.725
-0.705
-0.685
-0.695
-0.69
-0.66
-0.66
-0.67
-0.685
-0.67
-0.67
-0.64
-0.65
-0.655
-0.65
-0.61
-0.605
-0.59
-0.56
-0.555
-0.53
-0.5
-0.47
-0.48
-0.445
-0.42
-0.425
-0.43
-0.405
-0.385
-0.375
-0.37
-0.36
-0.345
-0.36
-0.355
-0.375
-0.39
-0.37
-0.355
-0.37
-0.36
-0.365
-0.385
-0.4
-0.425
-0.42
-0.435
-0.41
-0.405
-0.4
-0.42
-0.415
-0.405
-0.425
-0.435
-0.43
-0.435
-0.435
-0.44
-0.405
-0.425
-0.43
-0.435
-0.45
-0.44
-0.435
-0.425
-0.425
-0.385
-0.385
-0.4
-0.41
-0.44
-0.415
-0.42
-0.39
-0.38
-0.395
-0.385
-0.395
-0.385
-0.4
-0.41
-0.41
-0.405
-0.385
-0.39
-0.4
-0.39
-0.39
-0.38
-0.35
-0.335
-0.315
-0.275
-0.245
-0.225
-0.23
-0.22
-0.225
-0.195
-0.155
-0.125
-0.135
-0.11
-0.135
-0.19
-0.195
-0.205
-0.225
-0.23
-0.225
-0.235
-0.255
-0.26
-0.28
-0.31
-0.33
-0.36
-0.37
-0.4
-0.39
-0.38
-0.4
-0.405
-0.415
-0.42
-0.435
-0.4
-0.39
-0.385
-0.385
-0.385
-0.415
-0.4
-0.405
-0.42
-0.4
-0.385
-0.37
-0.38
-0.38
-0.385
-0.375
-0.36
-0.34
-0.285
-0.205
-0.09
0.085
0.265
0.43
0.53
0.575
0.615
0.595
0.59
0.515
0.47
0.445
0.445
0.475
0.475
0.475
0.455
0.39
0.275
0.2
0.21
0.325
0.45
0.515
0.42
0.24
0.025
-0.155
-0.265
-0.285
-0.29
-0.325
-0.37
-0.41
-0.47
-0.455
-0.46
-0.445
-0.44
-0.435
-0.425
-0.42
-0.44
-0.445
-0.455
-0.455
-0.435
-0.435
-0.425
-0.415
-0.405
-0.435
-0.435
-0.475
-0.47
-0.465
-0.44
-0.45
-0.47
-0.475
-0.495
-0.52
-0.515
-0.505
-0.51
-0.52
-0.515
-0.52
-0.555
-0.555
-0.565
-0.57
-0.59
-0.57
-0.57
-0.57
-0.565
-0.555
-0.58
-0.585
-0.61
-0.62
-0.61
-0.605
-0.585
-0.605
-0.59
-0.58
-0.59
-0.595
-0.595
-0.58
-0.545
-0.535
-0.535
-0.55
-0.535
-0.535
-0.505
-0.49
-0.465
-0.445
-0.42
-0.41
-0.39
-0.395
-0.39
-0.37
-0.345
-0.345
-0.32
-0.315
-0.305
-0.31
-0.315
-0.32
-0.325
-0.315
-0.34
-0.345
-0.34
-0.32
-0.34
-0.345
-0.355
-0.35
-0.355
-0.37
-0.38
-0.36
-0.37
-0.38
-0.39
-0.385
-0.41
-0.41
-0.405
-0.39
-0.395
-0.415
-0.395
-0.42
-0.425
-0.42
-0.415
-0.41
-0.425
-0.435
-0.43
-0.41
-0.41
-0.435
-0.43
-0.435
-0.41
-0.425
-0.415
-0.415
-0.415
-0.43
-0.425
-0.43
-0.42
-0.41
-0.415
-0.405
-0.37
-0.38
-0.38
-0.415
-0.41
-0.39
-0.375
-0.35
-0.33
-0.3
-0.295
-0.295
-0.275
-0.27
-0.25
-0.23
-0.215
-0.195
-0.155
-0.155
-0.185
-0.2
-0.23
-0.24
-0.235
-0.25
-0.285
-0.295
-0.295
-0.29
-0.315
-0.345
-0.375
-0.39
-0.415
-0.425
-0.44
-0.44
-0.45
-0.46
-0.47
-0.485
-0.485
-0.465
-0.47
-0.45
-0.445
-0.47
-0.43
-0.46
-0.45
-0.47
-0.45
-0.45
-0.43
-0.43
-0.43
-0.42
-0.415
-0.405
-0.385
-0.32
-0.225
-0.12
0.045
0.25
0.435
0.59
0.675
0.705
0.72
0.705
0.62
0.525
0.47
0.43
0.42
0.42
0.44
0.415
0.37
0.235
0.15
0.135
0.235
0.39
0.43
0.33
0.155
-0.08
-0.245
-0.31
-0.32
-0.325
-0.37
-0.425
-0.505
-0.51
-0.515
-0.505
-0.505
-0.47
-0.485
-0.485
-0.5
-0.495
-0.5
-0.485
-0.445
-0.46
-0.46
-0.465
-0.48
-0.5
-0.515
-0.53
-0.53
-0.525
-0.505
-0.51
-0.52
-0.52
-0.55
-0.56
-0.565
-0.545
-0.56
-0.56
-0.555
-0.56
-0.58
-0.575
-0.575
-0.615
-0.62
-0.615
-0.635
-0.63
-0.63
-0.63
-0.65
-0.655
-0.645
-0.64
-0.645
-0.635
-0.61
-0.6
-0.615
-0.615
-0.635
-0.62
-0.625
-0.61
-0.615
-0.595
-0.595
-0.58
-0.57
-0.56
-0.565
-0.545
-0.545
-0.495
-0.48
-0.42
-0.445
-0.445
-0.435
-0.415
-0.395
-0.4
-0.375
-0.355
-0.355
-0.36
-0.355
-0.36
-0.38
-0.35
-0.335
-0.315
-0.355
-0.38
-0.365
-0.39
-0.415
-0.415
-0.415
-0.4
-0.39
-0.375
-0.385
-0.415
-0.41
-0.415
-0.42
-0.445
-0.425
-0.39
-0.395
-0.39
-0.4
-0.375
-0.41
-0.4
-0.405
-0.41
-0.4
-0.405
-0.4
-0.395
-0.405
-0.42
-0.41
-0.4
-0.375
-0.355
-0.365
-0.375
-0.375
-0.365
-0.4
-0.39
-0.375
-0.37
-0.345
-0.36
-0.335
-0.32
-0.325
-0.335
-0.335
-0.325
-0.29
-0.265
-0.235
-0.205
-0.205
-0.195
-0.205
-0.175
-0.16
-0.13
-0.11
-0.105
-0.11
-0.13
-0.145
-0.195
-0.205
-0.195
-0.215
-0.215
-0.22
-0.235
-0.25
-0.275
-0.305
-0.325
-0.37
-0.395
-0.41
-0.395
-0.405
-0.4
-0.41
-0.41
-0.425
-0.42
-0.415
-0.395
-0.385
-0.38
-0.38
-0.38
-0.405
-0.4
-0.41
-0.4
-0.4
-0.385
-0.37
-0.365
-0.35
-0.34
-0.305
-0.25
-0.175
-0.045
0.135
0.355
0.545
0.7
0.795
0.87
0.87
0.825
0.755
0.64
0.555
0.545
0.555
0.565
0.56
0.475
0.37
0.265
0.19
0.23
0.385
0.495
0.48
0.33
0.105
-0.12
-0.255
-0.305
-0.315
-0.32
-0.37
-0.435
-0.485
-0.505
-0.505
-0.48
-0.455
-0.46
-0.46
-0.47
-0.47
-0.48
-0.48
-0.475
-0.47
-0.485
-0.48
-0.48
-0.475
-0.485
-0.495
-0.5
-0.485
-0.5
-0.51
-0.515
-0.5
-0.52
-0.53
-0.52
-0.56
-0.57
-0.58
-0.57
-0.565
-0.54
-0.57
-0.57
-0.595
-0.58
-0.6
-0.61
-0.62
-0.63
-0.625
-0.635
-0.635
-0.655
-0.645
-0.635
-0.64
-0.64
-0.64
-0.625
-0.655
-0.64
-0.64
-0.64
-0.64
-0.625
-0.63
-0.605
-0.585
-0.575
-0.585
-0.575
-0.55
-0.535
-0.525
-0.52
-0.49
-0.475
-0.44
-0.41
-0.425
-0.415
-0.39
-0.38
-0.365
-0.35
-0.35
-0.34
-0.345
-0.355
-0.36
-0.34
-0.36
-0.35
-0.33
-0.345
-0.33
-0.34
-0.355
-0.355
-0.38
-0.375
-0.39
-0.385
-0.375
-0.365
-0.385
-0.405
-0.4
-0.415
-0.41
-0.425
-0.415
-0.41
-0.39
-0.415
-0.44
-0.455
-0.425
-0.445
-0.43
-0.41
-0.395
-0.4
-0.43
-0.435
-0.425
-0.43
-0.415
-0.42
-0.41
-0.4
-0.415
-0.405
-0.4
-0.415
-0.415
-0.43
-0.415
-0.415
-0.395
-0.385
-0.385
-0.395
-0.405
-0.415
-0.4
-0.38
-0.345
-0.305
-0.275
-0.28
-0.26
-0.25
-0.23
-0.2
-0.185
-0.18
-0.11
-0.115
-0.1
-0.12
-0.115
-0.165
-0.18
-0.195
-0.2
-0.22
-0.225
-0.215
-0.245
-0.24
-0.27
-0.32
-0.34
-0.35
-0.345
-0.38
-0.4
-0.395
-0.41
-0.41
-0.405
-0.42
-0.445
-0.41
-0.395
-0.405
-0.405
-0.415
-0.42
-0.42
-0.41
-0.405
-0.375
-0.36
-0.39
-0.385
-0.41
-0.385
-0.365
-0.36
-0.335
-0.285
-0.195
-0.07
0.08
0.255
0.405
0.55
0.635
0.67
0.7
0.675
0.63
0.55
0.485
0.47
0.475
0.485
0.53
0.515
0.445
0.35
0.26
0.225
0.325
0.46
0.485
0.425
0.2
-0.01
-0.19
-0.28
-0.295
-0.3
-0.335
-0.415
-0.465
-0.495
-0.475
-0.47
-0.46
-0.46
-0.445
-0.46
-0.47
-0.455
-0.475
-0.48
-0.475
-0.47
-0.465
-0.465
-0.47
-0.485
-0.485
-0.47
-0.48
-0.47
-0.455
-0.485
-0.5
-0.5
-0.515
-0.515
-0.53
-0.54
-0.55
-0.54
-0.56
-0.565
-0.59
-0.61
-0.625
-0.63
-0.62
-0.605
-0.63
-0.64
-0.635
-0.66
-0.645
-0.645
-0.66
-0.655
-0.66
-0.645
-0.655
-0.645
-0.67
-0.66
-0.65
-0.64
-0.66
-0.645
-0.62
-0.615
-0.61
-0.605
-0.615
-0.61
-0.595
-0.565
-0.555
-0.525
-0.485
-0.48
-0.46
-0.455
-0.45
-0.42
-0.415
-0.4
-0.39
-0.385
-0.35
-0.37
-0.365
-0.385
-0.38
-0.385
-0.375
-0.375
-0.365
-0.395
-0.4
-0.41
-0.42
-0.415
-0.42
-0.44
-0.435
-0.435
-0.44
-0.43
-0.46
-0.455
-0.465
-0.46
-0.475
-0.46
-0.455
-0.455
-0.47
-0.495
-0.505
-0.52
-0.52
-0.495
-0.485
-0.5
-0.5
-0.47
-0.495
-0.51
-0.51
-0.51
-0.48
-0.465
-0.48
-0.49
-0.485
-0.49
-0.495
-0.505
-0.485
-0.465
-0.47
-0.47
-0.49
-0.51
-0.5
-0.48
-0.505
-0.485
-0.48
-0.45
-0.44
-0.43
-0.435
-0.415
-0.365
-0.375
-0.365
-0.33
-0.305
-0.275
-0.28
-0.265
-0.255
-0.21
-0.215
-0.23
-0.245
-0.26
-0.26
-0.27
-0.285
-0.28
-0.345
-0.32
-0.335
-0.365
-0.37
-0.395
-0.4
-0.43
-0.44
-0.505
-0.515
-0.51
-0.515
-0.48
-0.48
-0.505
-0.525
-0.515
-0.515
-0.51
-0.495
-0.52
-0.495
-0.475
-0.485
-0.495
-0.495
-0.5
-0.485
-0.49
-0.495
-0.46
-0.445
-0.415
-0.37
-0.32
-0.235
-0.08
0.095
0.33
0.5
0.625
0.685
0.725
0.695
0.62
0.54
0.455
0.375
0.38
0.385
0.42
0.41
0.35
0.25
0.14
0.085
0.155
0.315
0.405
0.385
0.21
-0.02
-0.205
-0.335
-0.39
-0.405
-0.43
-0.45
-0.51
-0.52
-0.55
-0.545
-0.575
-0.555
-0.575
-0.575
-0.55
-0.55
-0.535
-0.535
-0.54
-0.555
-0.535
-0.535
-0.54
-0.53
-0.545
-0.56
-0.58
-0.57
-0.58
-0.585
-0.585
-0.62
-0.6
-0.615
-0.605
-0.61
-0.625
-0.65
-0.65
-0.68
-0.665
-0.685
-0.665
-0.67
-0.675
-0.68
-0.705
-0.715
-0.725
-0.705
-0.725
-0.72
-0.735
-0.73
-0.73
-0.735
-0.75
-0.745
-0.75
-0.74
-0.725
-0.725
-0.72
-0.69
-0.7
-0.705
-0.705
-0.71
-0.69
-0.665
-0.615
-0.61
-0.595
-0.605
-0.61
-0.605
-0.565
-0.54
-0.52
-0.495
-0.48
-0.48
-0.47
-0.465
-0.475
-0.475
-0.46
-0.45
-0.45
-0.435
-0.43
-0.445
-0.46
-0.47
-0.47
-0.47
-0.46
-0.475
-0.455
-0.475
-0.495
-0.5
-0.515
-0.515
-0.52
-0.52
-0.51
-0.5
-0.49
-0.525
-0.53
-0.545
-0.545
-0.53
-0.51
-0.505
-0.52
-0.53
-0.525
-0.53
-0.525
-0.515
-0.53
-0.54
-0.54
-0.545
-0.54
-0.505
-0.52
-0.505
-0.515
-0.5
-0.51
-0.465
-0.475
-0.5
-0.515
-0.525
-0.505
-0.53
-0.51
-0.5
-0.49
-0.465
-0.46
-0.46
-0.45
-0.4
-0.375
-0.35
-0.335
-0.35
-0.33
-0.315
-0.3
-0.275
-0.285
-0.24
-0.245
-0.265
-0.295
-0.32
-0.345
-0.34
-0.345
-0.385
-0.415
-0.425
-0.415
-0.415
-0.45
-0.465
-0.5
-0.52
-0.55
-0.54
-0.545
-0.535
-0.515
-0.53
-0.53
-0.54
-0.555
-0.535
-0.525
-0.53
-0.53
-0.53
-0.51
-0.505
-0.54
-0.55
-0.54
-0.53
-0.495
-0.48
-0.48
-0.455
-0.41
-0.38
-0.32
-0.2
-0.065
0.135
0.375
0.585
0.715
0.8
0.855
0.855
0.8
0.71
0.61
0.535
0.53
0.53
0.52
0.515
0.41
0.315
0.19
0.17
0.245
0.39
0.495
0.45
0.24
-0.03
-0.22
-0.335
-0.405
-0.375
-0.41
-0.455
-0.525
-0.565
-0.57
-0.56
-0.555
-0.575
-0.565
-0.53
-0.545
-0.52
-0.53
-0.54
-0.55
-0.56
-0.585
-0.565
-0.55
-0.555
-0.555
-0.57
-0.545
-0.565
-0.58
-0.595
-0.61
-0.6
-0.6
-0.605
-0.595
-0.605
-0.625
-0.655
-0.665
-0.64
-0.635
-0.635
-0.63
-0.64
-0.67
-0.705
-0.715
-0.705
-0.72
-0.72
-0.69
-0.7
-0.68
-0.7
-0.7
-0.735
-0.73
-0.71
-0.72
-0.7
-0.695
-0.71
-0.715
-0.715
-0.7
-0.68
-0.695
-0.665
-0.64
-0.64
-0.62
-0.62
-0.625
-0.605
-0.56
-0.54
-0.52
-0.505
-0.48
-0.45
-0.44
-0.45
-0.44
-0.435
-0.425
-0.41
-0.405
-0.37
-0.385
-0.385
-0.4
-0.44
-0.45
-0.44
-0.44
-0.445
-0.43
-0.445
-0.46
-0.465
-0.465
-0.47
-0.48
-0.445
-0.465
-0.455
-0.455
-0.46
-0.45
-0.48
-0.49
-0.49
-0.505
-0.495
-0.475
-0.455
-0.455
-0.475
-0.495
-0.495
-0.51
-0.515
-0.5
-0.475
-0.475
-0.475
-0.46
-0.47
-0.475
-0.485
-0.475
-0.48
-0.45
-0.45
-0.455
-0.455
-0.475
-0.47
-0.465
-0.445
-0.45
-0.425
-0.435
-0.425
-0.44
-0.42
-0.43
-0.4
-0.4
-0.355
-0.32
-0.29
-0.3
-0.265
-0.265
-0.24
-0.245
-0.215
-0.175
-0.17
-0.19
-0.195
-0.245
-0.265
-0.275
-0.275
-0.3
-0.31
-0.32
-0.335
-0.35
-0.375
-0.375
-0.405
-0.435
-0.46
-0.465
-0.47
-0.465
-0.5
-0.52
-0.52
-0.515
-0.515
-0.51
-0.495
-0.5
-0.47
-0.48
-0.485
-0.505
-0.505
-0.515
-0.495
-0.48
-0.48
-0.47
-0.45
-0.46
-0.435
-0.41
-0.355
-0.295
-0.195
-0.08
0.135
0.345
0.525
0.62
0.64
0.68
0.665
0.61
0.55
0.495
0.475
0.465
0.485
0.5
0.475
0.44
0.355
0.255
0.205
0.28
0.41
0.515
0.51
0.365
0.13
-0.11
-0.265
-0.33
-0.33
-0.32
-0.37
-0.43
-0.505
-0.525
-0.52
-0.51
-0.51
-0.53
-0.525
-0.52
-0.515
-0.515
-0.525
-0.5
-0.515
-0.495
-0.485
-0.475
-0.505
-0.505
-0.52
-0.53
-0.535
-0.54
-0.52
-0.545
-0.545
-0.545
-0.555
-0.575
-0.58
-0.605
-0.61
-0.62
-0.59
-0.555
-0.605
-0.625
-0.66
-0.68
-0.675
-0.69
-0.675
-0.66
-0.665
-0.67
-0.685
-0.7
-0.705
-0.71
-0.695
-0.685
-0.69
-0.675
-0.665
-0.685
-0.69
-0.685
-0.68
-0.67
-0.655
-0.64
-0.62
-0.615
-0.6
-0.59
-0.585
-0.575
-0.595
-0.56
-0.545
-0.51
-0.495
-0.47
-0.455
-0.455
-0.445
-0.44
-0.435
-0.405
-0.385
-0.39
-0.395
-0.395
-0.405
-0.415
-0.415
-0.42
-0.415
-0.41
-0.395
-0.425
-0.415
-0.42
-0.44
-0.475
-0.455
-0.46
-0.46
-0.475
-0.48
-0.48
-0.5
-0.48
-0.48
-0.505
-0.49
-0.49
-0.5
-0.495
-0.485
-0.505
-0.52
-0.535
-0.52
-0.52
-0.51
-0.525
-0.52
-0.505
-0.51
-0.515
-0.515
-0.52
-0.5
-0.495
-0.48
-0.485
-0.495
-0.485
-0.48
-0.515
-0.515
-0.5
-0.51
-0.505
-0.485
-0.51
-0.525
-0.52
-0.51
-0.515
-0.51
-0.48
-0.48
-0.465
-0.46
-0.43
-0.43
-0.395
-0.38
-0.35
-0.33
-0.315
-0.305
-0.28
-0.28
-0.255
-0.265
-0.29
-0.305
-0.31
-0.33
-0.33
-0.35
-0.395
-0.405
-0.42
-0.44
-0.44
-0.445
-0.475
-0.495
-0.51
-0.55
-0.59
-0.59
-0.58
-0.585
-0.585
-0.585
-0.585
-0.57
-0.58
-0.59
-0.585
-0.585
-0.565
-0.58
-0.575
-0.58
-0.58
-0.575
-0.565
-0.585
-0.565
-0.55
-0.51
-0.5
-0.45
-0.4
-0.325
-0.19
0
0.21
0.37
0.515
0.58
0.595
0.595
0.54
0.435
0.33
0.305
0.295
0.335
0.365
0.36
0.275
0.165
0.075
0.025
0.11
0.26
0.335
0.31
0.14
-0.115
-0.31
-0.445
-0.465
-0.46
-0.5
-0.55
-0.605
-0.625
-0.615
-0.59
-0.605
-0.595
-0.605
-0.62
-0.64
-0.595
-0.61
-0.61
-0.6
-0.605
-0.605
-0.625
-0.61
-0.61
-0.62
-0.615
-0.625
-0.62
-0.63
-0.64
-0.64
-0.665
-0.67
-0.655
-0.655
-0.64
-0.675
-0.68
-0.7
-0.715
-0.715
-0.745
-0.745
-0.735
-0.745
-0.745
-0.775
-0.785
-0.76
-0.77
-0.765
-0.785
-0.77
-0.765
-0.79
-0.775
-0.755
-0.78
-0.77
-0.76
-0.755
-0.755
-0.755
-0.745
-0.74
-0.745
-0.74
-0.725
-0.715
-0.685
-0.67
-0.645
-0.65
-0.625
-0.64
-0.62
-0.6
-0.57
-0.545
-0.515
-0.5
-0.495
-0.48
-0.495
-0.5
-0.49
-0.49
-0.485
-0.475
-0.465
-0.46
-0.48
-0.51
-0.495
-0.515
-0.505
-0.51
-0.51
-0.51
-0.515
-0.545
-0.58
-0.565
-0.58
-0.615
-0.65
-0.755
-0.875
-0.98
-1.035
-1.135
-1.25
-1.345
-1.465
-1.59
-1.71
-1.765
-1.82
-1.88
-1.945
-2.05
-2.2
-2.33
-2.46
-2.515
-2.58
-2.665
-2.755
-2.82
-2.89
-2.97
-3.06
-3.125
-3.17
-3.185
-3.215
-3.235
-3.2
-3.14
-3.035
-2.91
-2.77
-2.56
-2.36
-2.2
-2.075
-1.945
-1.735
-1.51
-1.26
-0.98
-0.665
-0.38
-0.215
-0.08
0.025
0.135
0.215
0.295
0.32
0.325
0.345
0.375
0.395
0.42
0.455
0.465
0.49
0.515
0.54
0.555
0.545
0.555
0.555
0.555
0.565
0.595
0.625
0.645
0.695
0.71
0.75
0.775
0.815
0.835
0.875
0.895
0.925
0.95
1
1.045
1.06
1.075
1.085
1.09
1.11
1.145
1.155
1.18
1.205
1.205
1.21
1.22
1.21
1.195
1.22
1.235
1.23
1.22
1.205
1.185
1.175
1.16
1.095
1.065
1.045
1.025
1
0.975
0.94
0.89
0.84
0.79
0.76
0.71
0.665
0.635
0.575
0.51
0.47
0.425
0.36
0.315
0.265
0.225
0.19
0.155
0.105
0.04
-0.015
-0.05
-0.09
-0.115
-0.135
-0.15
-0.21
-0.245
-0.265
-0.295
-0.335
-0.335
-0.35
-0.345
-0.35
-0.365
-0.4
-0.4
-0.425
-0.455
-0.445
-0.46
-0.47
-0.445
-0.425
-0.445
-0.46
-0.48
-0.485
-0.46
-0.485
-0.48
-0.49
-0.495
-0.48
-0.485
-0.49
-0.5
-0.51
-0.5
-0.49
-0.475
-0.465
-0.48
-0.48
-0.5
-0.505
-0.49
-0.485
-0.475
-0.45
-0.465
-0.48
-0.48
-0.47
-0.48
-0.47
-0.48
-0.48
-0.48
-0.47
-0.465
-0.465
-0.49
-0.47
-0.505
-0.505
-0.48
-0.49
-0.495
-0.495
-0.465
-0.48
-0.49
-0.485
-0.495
-0.495
-0.49
-0.465
-0.465
-0.48
-0.455
-0.475
-0.485
-0.49
-0.485
-0.475
-0.475
-0.455
-0.455
-0.47
-0.49
-0.465
-0.48
-0.485
-0.475
-0.475
-0.46
-0.48
-0.465
-0.475
-0.485
-0.48
-0.49
-0.48
-0.47
-0.475
-0.465
-0.455
-0.45
-0.485
-0.485
-0.505
-0.505
-0.5
-0.48
-0.46
-0.495
-0.485
-0.48
-0.485
-0.49
-0.485
-0.455
-0.475
-0.465
-0.455
-0.455
-0.475
-0.495
-0.485
-0.49
-0.48
-0.45
-0.43
-0.41
-0.405
-0.395
-0.39
-0.38
-0.37
-0.32
-0.315
-0.295
-0.285
-0.26
-0.27
-0.275
-0.275
-0.315
-0.33
-0.32
-0.32
-0.335
-0.345
-0.385
-0.395
-0.415
-0.43
-0.445
-0.445
-0.44
-0.48
-0.52
-0.525
-0.535
-0.54
-0.55
-0.54
-0.55
-0.54
-0.545
-0.535
-0.55
-0.57
-0.565
-0.57
-0.55
-0.535
-0.535
-0.52
-0.52
-0.525
-0.53
-0.525
-0.535
-0.52
-0.475
-0.38
-0.295
-0.165
0.005
0.195
0.325
0.405
0.495
0.53
0.51
0.475
0.385
0.305
0.31
0.29
0.3
0.335
0.3
0.22
0.11
0.005
-0.04
0.045
0.175
0.255
0.165
-0.02
-0.205
-0.36
-0.415
-0.435
-0.435
-0.455
-0.525
-0.57
-0.6
-0.605
-0.57
-0.575
-0.565
-0.57
-0.585
-0.6
-0.59
-0.61
-0.595
-0.58
-0.58
-0.58
-0.585
-0.605
-0.61
-0.615
-0.63
-0.65
-0.615
-0.63
-0.62
-0.65
-0.655
-0.685
-0.695
-0.705
-0.71
-0.705
-0.69
-0.69
-0.71
-0.715
-0.715
-0.73
-0.74
-0.76
-0.74
-0.72
-0.75
-0.75
-0.75
-0.76
-0.755
-0.755
-0.76
-0.75
-0.75
-0.73
-0.755
-0.755
-0.75
-0.76
-0.735
-0.73
-0.72
-0.705
-0.7
-0.7
-0.695
-0.72
-0.705
-0.695
-0.695
-0.68
-0.64
-0.635
-0.605
-0.595
-0.59
-0.59
-0.575
-0.575
-0.56
-0.545
-0.53
-0.52
-0.525
-0.52
-0.515
-0.53
-0.495
-0.525
-0.495
-0.495
-0.495
-0.5
-0.53
-0.52
-0.545
-0.535
-0.52
-0.53
-0.545
-0.52
-0.53
-0.555
-0.56
-0.56
-0.585
-0.575
-0.555
-0.565
-0.575
-0.565
-0.575
-0.58
-0.565
-0.56
-0.57
-0.57
-0.575
-0.57
-0.58
-0.59
-0.56
-0.58
-0.58
-0.55
-0.54
-0.54
-0.535
-0.54
-0.54
-0.55
-0.55
-0.555
-0.535
-0.52
-0.515
-0.53
-0.53
-0.525
-0.545
-0.535
-0.535
-0.53
-0.53
-0.52
-0.53
-0.55
-0.54
-0.535
-0.525
-0.515
-0.5
-0.46
-0.44
-0.43
-0.44
-0.42
-0.395
-0.385
-0.385
-0.355
-0.325
-0.305
-0.305
-0.31
-0.335
-0.37
-0.36
-0.395
-0.4
-0.385
-0.365
-0.39
-0.42
-0.44
-0.475
-0.485
-0.485
-0.505
-0.53
-0.545
-0.54
-0.55
-0.545
-0.54
-0.575
-0.575
-0.57
-0.565
-0.555
-0.545
-0.55
-0.54
-0.56
-0.555
-0.56
-0.555
-0.56
-0.545
-0.55
-0.535
-0.535
-0.545
-0.54
-0.51
-0.475
-0.405
-0.32
-0.16
-0.005
0.145
0.225
0.275
0.31
0.31
0.285
0.205
0.14
0.11
0.075
0.08
0.1
0.095
0.08
0.03
-0.045
-0.11
-0.095
0.01
0.115
0.155
0.08
-0.095
-0.295
-0.415
-0.46
-0.44
-0.475
-0.505
-0.54
-0.6
-0.61
-0.61
-0.59
-0.6
-0.605
-0.585
-0.575
-0.59
-0.605
-0.6
-0.59
-0.6
-0.585
-0.585
-0.57
-0.58
-0.575
-0.61
-0.62
-0.61
-0.6
-0.605
-0.62
-0.595
-0.6
-0.615
-0.64
-0.64
-0.655
-0.655
-0.645
-0.65
-0.635
-0.645
-0.665
-0.65
-0.69
-0.68
-0.695
-0.69
-0.685
-0.695
-0.685
-0.66
-0.7
-0.705
-0.705
-0.71
-0.695
-0.695
-0.68
-0.675
-0.685
-0.69
-0.66
-0.67
-0.67
-0.655
-0.655
-0.66
-0.635
-0.625
-0.61
-0.635
-0.605
-0.625
-0.6
-0.565
-0.555
-0.54
-0.525
-0.52
-0.505
-0.5
-0.49
-0.475
-0.46
-0.45
-0.43
-0.435
-0.455
-0.455
-0.445
-0.45
-0.46
-0.46
-0.46
-0.45
-0.465
-0.48
-0.47
-0.48
-0.48
-0.48
-0.475
-0.47
-0.455
-0.475
-0.48
-0.495
-0.485
-0.5
-0.475
-0.48
-0.47
-0.475
-0.475
-0.485
-0.49
-0.485
-0.525
-0.485
-0.495
-0.475
-0.455
-0.465
-0.475
-0.46
-0.495
-0.485
-0.47
-0.47
-0.46
-0.455
-0.45
-0.45
-0.45
-0.45
-0.45
-0.455
-0.43
-0.43
-0.455
-0.44
-0.43
-0.445
-0.445
-0.465
-0.45
-0.415
-0.4
-0.38
-0.36
-0.355
-0.34
-0.325
-0.31
-0.31
-0.295
-0.26
-0.255
-0.23
-0.24
-0.265
-0.3
-0.32
-0.315
-0.33
-0.32
-0.315
-0.335
-0.365
-0.375
-0.375
-0.405
-0.435
-0.425
-0.435
-0.44
-0.47
-0.465
-0.48
-0.485
-0.475
-0.48
-0.465
-0.465
-0.48
-0.46
-0.48
-0.465
-0.49
-0.475
-0.465
-0.46
-0.45
-0.45
-0.46
-0.44
-0.455
-0.46
-0.46
-0.44
-0.4
-0.355
-0.27
-0.15
0.005
0.165
0.315
0.425
0.5
0.505
0.5
0.44
0.345
0.285
0.25
0.255
0.245
0.255
0.245
0.215
0.135
0.025
0.005
0.07
0.185
0.23
0.16
0.02
-0.16
-0.31
-0.37
-0.4
-0.395
-0.42
-0.47
-0.5
-0.525
-0.53
-0.51
-0.495
-0.5
-0.495
-0.495
-0.5
-0.5
-0.51
-0.495
-0.485
-0.48
-0.475
-0.495
-0.49
-0.505
-0.515
-0.51
-0.535
-0.505
-0.51
-0.505
-0.525
-0.53
-0.54
-0.54
-0.555
-0.535
-0.525
-0.545
-0.555
-0.56
-0.585
-0.585
-0.59
-0.585
-0.575
-0.585
-0.575
-0.58
-0.6
-0.605
-0.605
-0.605
-0.61
-0.615
-0.615
-0.61
-0.58
-0.59
-0.61
-0.6
-0.6
-0.6
-0.595
-0.59
-0.58
-0.58
-0.57
-0.565
-0.58
-0.56
-0.535
-0.525
-0.525
-0.505
-0.48
-0.48
-0.47
-0.46
-0.465
-0.45
-0.43
-0.4
-0.38
-0.37
-0.39
-0.395
-0.38
-0.375
-0.37
-0.375
-0.35
-0.355
-0.35
-0.37
-0.375
-0.385
-0.39
-0.39
-0.385
-0.38
-0.385
-0.39
-0.385
-0.38
-0.385
-0.39
-0.39
-0.385
-0.375
-0.39
-0.39
-0.39
-0.405
-0.415
-0.395
-0.41
-0.405
-0.395
-0.4
-0.385
-0.395
-0.4
-0.395
-0.4
-0.41
-0.395
-0.365
-0.375
-0.38
-0.37
-0.37
-0.395
-0.395
-0.38
-0.395
-0.38
-0.35
-0.375
-0.35
-0.365
-0.365
-0.365
-0.37
-0.345
-0.345
-0.32
-0.265
-0.275
-0.275
-0.265
-0.245
-0.245
-0.215
-0.19
-0.185
-0.16
-0.14
-0.15
-0.18
-0.205
-0.2
-0.205
-0.21
-0.2
-0.23
-0.225
-0.24
-0.275
-0.295
-0.31
-0.3
-0.315
-0.325
-0.32
-0.36
-0.36
-0.38
-0.385
-0.365
-0.365
-0.37
-0.355
-0.35
-0.365
-0.365
-0.365
-0.36
-0.375
-0.375
-0.365
-0.38
-0.365
-0.345
-0.37
-0.355
-0.355
-0.35
-0.33
-0.295
-0.24
-0.175
-0.075
0.065
0.235
0.35
0.43
0.485
0.525
0.505
0.47
0.395
0.325
0.295
0.285
0.29
0.335
0.335
0.285
0.21
0.15
0.095
0.13
0.26
0.335
0.325
0.22
0.025
-0.145
-0.24
-0.285
-0.3
-0.31
-0.355
-0.405
-0.435
-0.435
-0.415
-0.435
-0.44
-0.42
-0.435
-0.44
-0.43
-0.425
-0.43
-0.42
-0.415
-0.405
-0.435
-0.43
-0.45
-0.43
-0.44
-0.435
-0.44
-0.43
-0.425
-0.445
-0.45
-0.48
-0.475
-0.49
-0.485
-0.485
-0.495
-0.495
-0.515
-0.52
-0.505
-0.52
-0.54
-0.525
-0.52
-0.53
-0.54
-0.54
-0.545
-0.555
-0.56
-0.585
-0.55
-0.555
-0.54
-0.545
-0.555
-0.545
-0.56
-0.55
-0.56
-0.54
-0.53
-0.53
-0.525
-0.535
-0.515
-0.51
-0.52
-0.5
-0.475
-0.465
-0.445
-0.43
-0.425
-0.415
-0.41
-0.415
-0.37
-0.355
-0.35
-0.32
-0.305
-0.31
-0.33
-0.33
-0.335
-0.33
-0.32
-0.315
-0.32
-0.315
-0.335
-0.35
-0.37
-0.34
-0.36
-0.365
-0.35
-0.37
-0.35
-0.345
-0.37
-0.38
-0.365
-0.39
-0.38
-0.395
-0.355
-0.36
-0.375
-0.385
-0.37
-0.385
-0.395
-0.38
-0.385
-0.36
-0.38
-0.375
-0.385
-0.385
-0.38
-0.395
-0.395
-0.37
-0.345
-0.35
-0.345
-0.34
-0.36
-0.36
-0.345
-0.36
-0.35
-0.33
-0.325
-0.33
-0.32
-0.315
-0.345
-0.345
-0.305
-0.305
-0.275
-0.255
-0.235
-0.235
-0.225
-0.225
-0.225
-0.2
-0.16
-0.15
-0.125
-0.12
-0.14
-0.16
-0.19
-0.2
-0.205
-0.195
-0.22
-0.235
-0.25
-0.24
-0.27
-0.28
-0.295
-0.305
-0.315
-0.32
-0.345
-0.36
-0.37
-0.375
-0.375
-0.385
-0.395
-0.375
-0.355
-0.335
-0.34
-0.34
-0.345
-0.355
-0.365
-0.365
-0.36
-0.355
-0.33
-0.345
-0.34
-0.34
-0.325
-0.315
-0.29
-0.265
-0.205
-0.115
0.005
0.155
0.29
0.375
0.41
0.41
0.405
0.355
0.335
0.27
0.25
0.23
0.245
0.265
0.26
0.235
0.2
0.105
0.06
0.06
0.16
0.25
0.295
0.205
0.045
-0.135
-0.235
-0.295
-0.295
-0.285
-0.325
-0.38
-0.425
-0.435
-0.455
-0.415
-0.415
-0.43
-0.41
-0.405
-0.41
-0.455
-0.43
-0.445
-0.44
-0.43
-0.445
-0.41
-0.435
-0.44
-0.44
-0.44
-0.455
-0.465
-0.465
-0.445
-0.46
-0.455
-0.48
-0.48
-0.49
-0.47
-0.5
-0.5
-0.495
-0.515
-0.52
-0.54
-0.53
-0.525
-0.535
-0.54
-0.555
-0.54
-0.545
-0.55
-0.555
-0.565
-0.59
-0.565
-0.57
-0.565
-0.545
-0.555
-0.575
-0.565
-0.555
-0.56
-0.555
-0.53
-0.54
-0.53
-0.535
-0.54
-0.55
-0.525
-0.505
-0.515
-0.485
-0.45
-0.445
-0.445
-0.44
-0.41
-0.415
-0.4
-0.39
-0.375
-0.37
-0.365
-0.385
-0.37
-0.375
-0.365
-0.405
-0.4
-0.395
-0.38
-0.385
-0.385
-0.385
-0.385
-0.385
-0.4
-0.425
-0.425
-0.425
-0.41
-0.405
-0.41
-0.42
-0.425
-0.455
-0.46
-0.455
-0.44
-0.445
-0.445
-0.42
-0.435
-0.455
-0.46
-0.45
-0.45
-0.45
-0.45
-0.45
-0.445
-0.435
-0.435
-0.46
-0.46
-0.47
-0.465
-0.45
-0.43
-0.42
-0.44
-0.445
-0.435
-0.44
-0.445
-0.435
-0.445
-0.435
